-0.001967546812389
5.930692582878129
4.241362132857763
1.358261792681377
0.469124123361440
0.446586005483006
-0.469047527545962
-0.448599316491139
0.001642833219944
-1.364009593467037
-4.244194388881361
-5.949474566058995
-4.177691379946455
-1.374357642936013
1.377402903878337
4.205146950533286
0.000000000000000
0.000000000000000
-0.659588483953163
-6.372514788858699
-4.181965371573715
-0.788493323236259
-1.800710851514073
-1.765742894299893
-1.718799229042791
-1.747770193324866
-0.669866806970665
-0.777768263643777
-4.164593599424382
-6.355253063548288
-4.114726632347513
-0.773144611768509
-0.782954708686826
-4.139799690740275
0.000000000000000
0.000000000000000
-2.744745866544958
0.083513128661089
0.161832382247094
0.053387027931029
-0.343671649815447
0.369507076214619
-0.377836766976063
0.356341695672483
2.767153370789770
-0.050348095055139
-0.149789774000763
-0.077810418479512
0.039161462337082
0.014486229832167
-0.015758005526635
-0.041413398492449
0.000000000000000
0.000000000000000
0.047077182501823
0.650580349253643
0.426560126256357
0.082201086961100
0.023179400301485
0.020607556181080
0.017072384237252
0.019242521625706
0.047733271455446
0.081417217207605
0.425658827745053
0.649921518548378
0.421154013985071
0.081125972956414
0.081826715285899
0.422847720721477
0.000000000000000
0.000000000000000
0.401325153812587
0.109861220073221
0.083689785835609
0.015954180668702
0.086939566635217
0.069018964949462
0.063077359462582
0.080207733948436
0.403703267526222
0.014367106431637
0.079524054660004
0.104628543941378
0.067546596622824
0.011038798331314
0.012399693272241
0.071405525525891
0.000000000000000
0.000000000000000
0.001042133500207
0.450426249019781
0.340718325318522
0.121577803415116
0.696890288523098
0.695783266418296
-0.695476925542016
-0.694040728525900
0.000572529674037
-0.122302775206875
-0.340912335424147
-0.451285724225393
-0.334215168502404
-0.123578181525128
0.123612532141576
0.338806288222979
0.000000000000000
0.000000000000000
-0.109751899042034
0.002641281663009
0.004426717681136
0.001746201257349
0.113199157328098
-0.112086767448844
0.112630851794991
-0.112752975339630
0.110613886253484
-0.001763392750340
-0.004566602164198
-0.003250630087520
0.000001890694061
0.000346529631583
-0.000497263323543
-0.000586627701489
0.000000000000000
0.000000000000000
0.001474094313977
0.007905003148795
0.432323623268797
0.129646159128261
0.686304422871234
-0.683619157718000
-0.684354793256492
0.681444947671100
0.003021332628148
0.127478388234321
0.426537920471464
-0.000540874784547
-0.428988253581534
-0.130615476271889
-0.129123324287600
-0.424766677061574
0.000000000000000
0.000000000000000
